1024
1004
946
852
724
569
392
200
0
-200
-392
-569
-724
-852
-946
-1004
-1024
-1004
-946
-852
-724
-569
-392
-200
0
200
392
569
724
851
946
1004
1024
1004
946
852
724
569
392
200
0
-200
-392
-569
-724
-851
-946
-1004
-1024
-1004
-946
-852
-724
-569
-392
-200
0
200
392
569
724
851
946
1004
1024
1004
946
852
724
569
392
200
0
-200
-392
-569
-724
-852
-946
-1004
-1024
-1004
-946
-852
-724
-569
-392
-200
0
200
392
569
724
851
946
1004
1024
1004
946
852
724
569
392
200
0
-200
-392
-569
-724
-851
-946
-1004
-1024
-1004
-946
-852
-724
-569
-392
-200
0
200
392
569
724
851
946
1004
8192
0
0
0
0
0
0
0
0
0
0
0
0
0
0
0
0
0
0
0
0
0
0
0
0
0
0
0
0
0
0
0
0
0
0
0
0
0
0
0
0
0
0
0
0
0
0
0
0
0
0
0
0
0
0
0
0
0
0
0
0
0
0
0
0
0
0
0
0
0
0
0
0
0
0
0
0
0
0
0
0
0
0
0
0
0
0
0
0
0
0
0
0
0
0
0
0
0
0
0
0
0
0
0
0
0
0
0
0
0
0
0
0
0
0
0
0
0
0
0
0
0
0
0
0
0
0
0
1024
1004
946
852
724
569
392
200
0
-200
-392
-569
-724
-852
-946
-1004
-1024
-1004
-946
-852
-724
-569
-392
-200
0
200
392
569
724
851
946
1004
1024
1004
946
852
724
569
392
200
0
-200
-392
-569
-724
-851
-946
-1004
-1024
-1004
-946
-852
-724
-569
-392
-200
0
200
392
569
724
851
946
1004
1024
1004
946
852
724
569
392
200
0
-200
-392
-569
-724
-852
-946
-1004
-1024
-1004
-946
-852
-724
-569
-392
-200
0
200
392
569
724
851
946
1004
1024
1004
946
852
724
569
392
200
0
-200
-392
-569
-724
-851
-946
-1004
-1024
-1004
-946
-852
-724
-569
-392
-200
0
200
392
569
724
851
946
1004
